1000
10017
10023
10024
10025
10026
10027
10029
10033
10038
10039
10040
10041
10042
10043
10060
10064
10066
10073
10074
10075
10078
10079
10080
10081
10088
10089
10094
10096
10098
10099
10102
10103
10105
10108
10114
10115
10117
10118
10119
10120
10121
10122
10123
10124
10126
10127
10129
10130
10139
10140
10141
10143
10145
10147
10148
10161
10167
10170
10171
10172
10173
10184
10188
10201
10204
10205
10221
10235
10237
10238
10241
10242
10246
10247
10248
10251
10260
10261
10263
10265
10267
10278
10279
10281
10282
10284
10286
10292
10293
10295
10297
10320
10326
10328
10329
10330
10331
10337
10342
10345
10346
10347
10348
10352
10353
10355
10356
10357
10361
10364
10373
10375
10376
10377
10389
10390
10393
10399
10400
10401
10402
10403
10407
10410
10413
10415
10422
10428
10429
10431
10432
10441
10443
10444
10446
10452
10453
10459
10460
10461
10462
10463
10470
10482
10484
10485
10488
10489
10495
10497
10499
10500
10501
10502
10503
10505
10506
10507
10524
10527
10532
10534
10535
10536
10544
10556
10557
10559
10560
10562
10564
10570
10572
10574
10575
10576
10577
10580
10583
10584
10585
10586
10590
10591
10593
10604
10609
10611
10614
10616
10618
10621
10622
10623
10624
10625
10626
10627
10631
10632
10634
10636
10637
10638
10639
10640
10641
10642
10643
10652
10655
10656
10670
10671
10673
10674
10680
10681
10682
10683
10684
10690
10694
10695
10696
10703
10709
10715
10719
10721
10722
10739
10740
10748
10749
10750
10753
10761
10764
10765
10766
10767
10768
10776
10778
10798
10814
10815
10822
10823
10826
10833
10834
10835
10836
10837
10840
10842
10844
10846
10850
10853
10854
10855
10857
10858
10859
10866
10867
10868
10869
10870
10878
10879
10881
10885
10886
10887
10888
10890
10891
10921
10922
10927
10928
10932
10933
10934
10935
10941
10943
10944
10962
10964
10975
10977
10978
10981
11006
11019
11027
11028
11042
11043
11044
11047
11050
11052
11053
11054
11057
11058
11059
11061
11070
11087
11088
11089
11090
11091
11092
11093
11094
11101
11102
11103
11107
11108
11113
11118
11119
11120
11121
11122
11123
11126
11159
11164
11170
11174
11176
11183
11187
11203
11204
11205
11207
11208
11209
11210
11224
11227
11228
11229
11251
11253
11258
11259
11260
11261
11262
11273
11274
11289
11291
11294
11313
11314
11315
11317
11318
11329
11332
11339
11340
11341
11349
11350
11352
11354
11355
11360
11362
11363
11382
11383
11399
11402
11404
11405
11406
11407
11408
11409
11412
11413
11414
11415
11417
11418
11419
11420
11433
11436
11438
11439
11448
11455
11477
11483
11484
11491
11495
11496
11497
11498
11504
11507
11509
11511
11512
11519
11520
11521
11531
11532
11534
11538
11540
11546
11550
11552
11555
11563
11568
11570
11572
11573
11592
11594
11598
11603
11608
11646
11647
11650
11654
11656
11658
11660
11667
11668
11681
11693
11703
11707
11708
11710
11712
11714
11715
11722
11725
11726
11736
11742
11743
11766
11777
11780
11782
11791
11792
11793
11794
11795
11797
11798
11799
11801
11815
11816
11818
11819
11820
11833
11845
11853
11854
11856
11858
11859
11860
11861
11862
11867
11869
11870
11871
11872
11873
11900
11904
11905
11907
11908
11910
11912
11914
11916
11917
11918
11921
11923
11927
11928
11929
11931
11932
11936
11938
11946
11947
11949
11950
11951
11952
11959
11961
11962
11995
11996
11997
12007
12009
12010
12012
12013
12029
12030
12032
12033
12034
12036
12037
12038
12041
12045
12046
12047
12051
12053
12054
12055
12056
12066
12068
12070
12071
12072
12073
12080
12085
12086
12087
12088
12091
12092
12093
12095
12103
12104
12105
12106
12107
12108
12115
12117
12119
12120
12121
12123
12125
12132
12137
12139
12140
12154
12155
12169
12170
12172
12207
12209
12238
12239
12242
12248
12249
12250
12251
12268
12272
12286
12287
12301
12311
12315
12316
12332
12333
12335
12340
12342
12343
12344
12345
12346
12348
12349
12359
12365
12367
12374
12376
12377
12389
12390
12391
12400
12402
12403
12409
12411
12414
12416
12417
12418
12423
12426
12436
12438
12439
12440
12442
12451
12452
12461
12465
12466
12467
12469
12471
12472
12476
12477
12506
12512
12513
12514
12517
12518
12519
12520
12553
12556
12557
12558
12568
12591
12593
12605
12606
12630
12634
12635
12638
12640
12654
12669
12670
12674
12675
12677
12681
12682
12689
12690
12693
12694
12695
12698
12701
12702
12703
12704
12714
12725
12728
12732
12733
12734
12748
12754
12756
12763
12765
12766
12772
12773
12775
12776
12778
12786
12787
12798
12799
12801
12805
12806
12808
12810
12839
12845
12848
12851
12853
12855
12857
12866
12867
12868
12873
12874
12875
12886
12887
12889
12891
12893
12901
12903
12904
12908
12910
12912
12913
12918
12923
12929
12931
12932
1295
12970
12971
12975
12989
12992
12994
12997
13023
13024
13039
13041
13042
13046
13047
13050
13054
13055
13057
13058
13060
13062
13063
13067
13069
13070
13072
13074
13075
13077
13078
13082
13086
13090
13091
1310
13106
13123
13124
13126
13127
13128
13130
13131
13132
13133
13134
13135
13137
13138
13139
13140
13142
13143
13144
13159
13166
13173
13174
13178
1318
13182
13184
13185
13186
13187
1319
13194
13195
13196
13197
13199
13201
13205
13206
13207
13208
13209
13215
13218
1322
13221
13222
13223
13224
13226
13231
13235
13236
13237
13243
13246
13247
13248
13251
13254
13262
13265
13277
13283
13284
13285
13286
13293
13294
13295
13296
13297
13300
13307
13314
13315
13317
13337
13344
13352
13354
13355
13357
13358
13359
13360
13361
13365
13369
13372
13379
13381
13382
13387
13390
13392
13393
13395
13406
13408
13413
13417
13418
13419
13439
13455
13463
13464
13466
13467
13475
13480
13482
13489
13492
13493
13494
13495
13497
13498
13503
13505
13509
13511
13512
13518
13520
13521
13522
13524
13526
13527
13529
13531
13534
13536
13544
13549
13550
13563
13575
13576
13577
13578
13589
13591
13592
13593
13594
13605
13615
13616
13620
13621
13623
13625
13627
13636
13638
13639
13640
13641
13642
13644
1365
13651
13653
13660
13663
13664
13669
13672
1368
1370
13704
13706
13707
13708
13709
1371
13710
13718
1372
13723
13728
1373
13730
13731
13732
13734
13735
13752
13753
13756
13763
13765
13766
13767
13769
13771
13774
13798
13807
13811
13817
13823
13825
13826
13833
13836
13843
13846
13856
13862
13866
13867
13871
13872
13882
13885
13895
13898
13900
13901
13902
13922
13926
13974
13992
13993
13994
13995
14007
14008
14012
14013
14016
14023
14027
14029
14030
14032
14035
14037
14038
14039
14040
14041
14042
14043
14045
14046
14049
14052
14066
14068
14070
14071
14083
14085
14086
14089
14090
14108
14110
14119
14120
14130
14131
14133
14138
14150
14152
14153
14166
14168
14169
14170
14172
14193
14198
14200
14201
14218
14230
14232
14234
14235
14236
14239
14240
14241
14243
14244
14252
14256
14258
14263
14264
14265
14269
14271
14274
14277
14284
14322
14358
14362
14369
1439
1440
1441
1442
14460
14510
14526
14562
14572
14591
14613
14623
14635
14636
14637
14643
14648
14667
14669
14686
1473
14747
1475
1476
14816
14842
14843
14851
14857
14863
14872
14875
14889
14894
14918
14936
14939
14947
14948
14952
14958
14964
14965
14967
14969
14973
14974
14977
14978
14982
14985
14986
14987
14990
14991
14993
14994
14996
14999
15001
15004
15046
15093
15103
15137
15148
15155
15182
15186
15201
15203
15208
1523
15251
15266
15268
15279
15299
15316
15335
15336
15340
15372
15373
15375
15378
15379
15396
15398
15415
15451
15453
15458
15482
15490
15492
15501
15504
15505
15512
15514
15524
15546
15570
15583
15589
15592
15596
15602
15634
15640
15652
15663
15688
15695
15712
15718
15772
15776
15777
15786
15794
15804
15809
15838
15839
15891
15913
15914
15922
15967
15973
15979
16000
16010
16012
16020
16023
16030
16080
16084
16134
16142
16197
16209
16230
16282
16285
16297
16315
16326
16339
16391
16397
16425
1646
16460
16467
1647
16476
16479
1649
1651
16512
16518
16537
16562
16568
16591
1720
1723
1730
1747
1775
1780
1782
1783
1784
1826
1828
1873
1884
1889
1893
1909
1987
1990
2000
2001
2097
2099
2100
2103
2116
2118
2119
2121
2122
2141
2145
2165
2172
2175
2178
2179
2180
2183
2184
2186
2198
2199
2234
2244
2248
2275
2285
2287
2289
2290
2291
2292
2294
2319
2321
2322
2410
2412
2413
2414
2416
2440
2455
2468
2472
2527
2539
2547
2556
2558
2563
2590
2609
2618
2619
2639
2640
2664
2667
2669
2692
2698
2708
2711
2713
2723
2739
2742
2743
2746
2748
2767
2813
2817
2818
2821
2836
2841
2845
2848
2860
2862
2863
2864
2865
2867
2888
2893
2917
2971
2972
3010
3012
3013
3056
3059
3061
3065
3083
3084
3085
3086
3088
3089
3098
3103
3106
3118
3126
3127
3141
3207
3224
3225
3232
3236
3237
3284
3286
3298
3299
3300
3301
3323
3330
3346
3357
3375
3395
3401
3404
3437
3438
3439
3441
3448
3449
3451
3453
3454
3457
3458
3459
3460
3461
3489
3508
3510
3512
3513
3516
3517
3532
3539
3546
3549
3558
3562
3572
3574
3575
3602
3603
3604
3609
3610
3612
3613
3616
3617
3618
3619
3620
3649
3652
3663
3667
3679
3680
3681
3694
3698
3700
3701
3756
3768
3771
3776
3778
3792
3796
3797
3812
3813
3835
3837
3843
3849
3850
3852
3865
3882
3887
3889
3899
3901
3902
3929
3935
3936
3937
3939
3999
4055
4059
4065
4067
4069
4070
4071
4072
4073
4074
4089
4090
4102
4112
4118
4120
4121
4122
4126
4127
4128
4129
4130
4131
4147
4148
4149
4150
4151
4152
4156
4159
4160
4161
4163
4199
4200
4201
4204
4207
4208
4209
4239
4240
4259
4291
4292
4301
4302
4335
4336
4337
4339
4340
4355
4357
4363
4366
4367
4375
4376
4405
4407
4409
4411
4413
4414
4415
4417
4418
4419
4425
4427
4430
4443
4444
4447
4455
4463
4464
4466
4476
4487
4507
4523
4525
4528
4530
4531
4535
4546
4551
4552
4553
4557
4559
4560
4561
4574
4576
4578
4586
4587
4588
4591
4592
4593
4615
4616
4617
4649
4651
4657
4658
4659
4660
4680
4681
4683
4685
4695
4715
4717
4718
4719
4729
4731
4732
4733
4734
4735
4754
4758
4778
4784
4785
4797
4799
4801
4802
4807
4808
4809
4811
4812
4866
4892
4895
4907
4908
4914
4916
4935
4936
4941
4944
4954
4964
4966
4977
4990
4993
5010
5016
5018
5019
5020
5021
5022
5023
5028
5035
5038
5040
5041
5043
5044
5045
5081
5082
5083
5086
5087
5088
5089
5090
5095
5117
5118
5144
5145
5146
5147
5154
5158
5159
5162
5177
5178
5179
5182
5185
5186
5188
5189
5190
5193
5194
5197
5201
5207
5209
5210
5230
5232
5233
5235
5239
5240
5241
5251
5254
5270
5289
5292
5297
5298
5300
5301
5303
5324
5325
5349
5350
5351
5352
5358
5362
5363
5365
5366
5367
5368
5379
5381
5383
5384
5385
5386
5388
5420
5423
5425
5426
5427
5428
5430
5460
5461
5462
5479
5480
5483
5489
5492
5493
5495
5497
5499
5500
5510
5512
5513
5514
5515
5535
5536
5539
5540
5544
5547
5554
5557
5564
5565
5566
5580
5581
5597
5604
5605
5606
5607
5660
5665
5666
5667
5668
5672
5675
5692
5698
5701
5702
5703
5724
5751
5771
5773
5775
5799
5802
5817
5831
5854
5856
5858
5861
5862
5863
5864
5865
5866
5877
5880
5881
5900
5908
5913
5916
5919
5920
5921
5922
5951
6004
6018
6020
6021
6031
6034
6036
6043
6044
6048
6057
6063
6064
6072
6074
6081
6082
6088
6089
6090
6101
6126
6131
6132
6135
6136
6137
6161
6163
6175
6176
6177
6181
6201
6206
6207
6208
6209
6210
6211
6220
6233
6235
6236
6237
6238
6239
6240
6250
6252
6253
6254
6255
6276
6283
6286
6288
6296
6299
6301
6302
6303
6304
6308
6318
6320
6321
6325
6351
6356
6363
6366
6367
6368
6372
6373
6374
6403
6404
6405
6409
6412
6413
6420
6421
6438
6442
6446
6447
6448
6449
6451
6453
6454
6455
6486
6491
6492
6493
6494
6509
6512
6514
6517
6519
6520
6538
6547
6549
6551
6558
6560
6561
6562
6582
6585
6587
6589
6590
6591
6603
6604
6605
6606
6608
6631
6639
6643
6649
6652
6653
6661
6673
6675
6676
6677
6687
6688
6692
6693
6694
6695
6696
6697
6698
6709
6719
6721
6723
6733
6744
6748
6749
6751
6762
6763
6764
6813
6814
6815
6817
6827
6828
6833
6834
6837
6840
6841
6842
6849
6853
6860
6871
6875
6876
6877
6880
6881
6916
6917
6918
6919
6929
6930
6931
6933
6939
6941
6942
6943
6944
6945
6948
6949
6950
6952
6965
6983
6985
6987
6988
6997
7007
7011
7014
7037
7038
7039
7046
7048
7049
7050
7055
7066
7076
7077
7079
7083
7085
7088
7097
7109
7111
7113
7118
7121
7127
7131
7141
7142
7143
7144
7145
7146
7147
7161
7167
7171
7174
7188
7189
7195
7196
7198
7215
7218
7227
7229
7230
7250
7251
7254
7255
7277
7278
7283
7294
7297
7299
7300
7301
7302
7313
7314
7315
7317
7318
7319
7320
7321
7326
7328
7329
7332
7333
7334
7336
7337
7359
7360
7361
7362
7371
7373
7374
7375
7376
7383
7384
7385
7392
7393
7394
7399
7403
7405
7406
7407
7409
7410
7411
7418
7419
7420
7422
7428
7431
7433
7436
7438
7439
7473
7474
7476
7486
7493
7494
7511
7516
7517
7526
7528
7530
7531
7537
7539
7542
7552
7554
7558
7560
7561
7565
7568
7569
7573
7574
7575
7577
7578
7579
7584
7599
7601
7603
7606
7607
7608
7610
7620
7623
7626
7638
7640
7661
7663
7664
7678
7694
7696
7698
7699
7700
7703
7704
7711
7712
7713
7716
7764
7768
7807
7811
7820
7836
7838
7839
7840
7841
7850
7851
7852
7853
7855
7859
7862
7863
7864
7875
7877
7884
7885
7900
7901
7920
7926
7927
7931
7932
7933
7934
7935
7936
7938
7939
7943
7945
7946
7947
7948
7949
7950
7951
7952
7953
7960
7961
7963
7964
7965
7983
7985
8004
8013
8015
8021
8024
8025
8033
8046
8061
8063
8067
8071
8073
8076
8080
8082
8083
8084
8085
8088
8106
8107
8109
8113
8114
8118
8119
8129
8131
8133
8134
8136
8137
8139
8142
8144
8145
8153
8154
8155
8162
8163
8164
8166
8167
8181
8182
8185
8186
8193
8201
8203
8206
8209
8212
8213
8215
8216
8217
8218
8220
8234
8235
8236
8242
8243
8244
8246
8257
8258
8260
8261
8265
8269
8270
8271
8273
8274
8290
8304
8312
8314
8317
8322
8328
8329
8331
8335
8336
8342
8345
8355
8356
8363
8364
8367
8378
8383
8387
8388
8389
8393
8394
8396
8398
8425
8428
8429
8430
8431
8433
8434
8442
8446
8447
8448
8450
8451
8454
8455
8456
8457
8468
8469
8470
8473
8476
8486
8490
8492
8493
8539
8540
8541
8568
8570
8583
8584
8585
8591
8593
8613
8614
8644
8646
8658
8660
8663
8664
8665
8666
8669
8670
8704
8705
8706
8707
8713
8722
8723
8733
8735
8740
8742
8743
8744
8760
8774
8775
8778
8779
8784
8788
8789
8804
8806
8808
8811
8812
8814
8815
8818
8819
8827
8831
8857
8872
8874
8876
8877
8891
8905
8906
891
892
8920
8921
8946
8948
8963
8965
8970
8972
8973
898
8981
8984
8985
8993
900
9000
9004
901
9011
9014
9018
9020
9021
9023
9024
9025
9026
9027
9028
9029
9030
9031
9034
9035
9043
9047
9048
9049
9054
9062
9064
9069
9083
9085
9087
9088
9128
9129
9132
9149
9150
9161
9167
9168
9170
9171
9172
9173
9177
9178
9179
9180
9182
9183
9189
9192
9193
9209
9224
9226
9227
9228
9230
9250
9258
9261
9270
9271
9272
9273
9274
9275
9279
9281
9300
9310
9343
9344
9345
9346
9348
9352
9354
9358
9361
9363
9364
9369
9375
9405
9406
9407
9409
9472
9473
9474
9476
9480
9482
9483
9486
9487
9488
9489
9490
9491
9501
9503
9505
9507
9508
9509
9524
9525
9527
9530
9532
9534
9535
9536
9538
9539
9541
9557
9560
9561
9563
9581
9582
9583
9584
9619
9621
9623
9624
9626
9648
9653
9654
9660
9661
9663
9666
9667
9668
9669
9674
9675
9678
9679
9699
9700
9703
9706
9711
9716
9717
9718
9719
9720
9722
9724
9733
9736
9737
9738
9739
9742
9743
9744
9748
9750
9751
9753
9754
9755
9756
9757
9766
9767
9768
9770
9787
9789
9790
9797
9799
9804
9809
9810
9813
9814
9815
9816
9818
9820
9824
9825
9826
9828
9829
9851
9853
9854
9864
9865
9866
9878
9883
9885
9887
9888
9896
9897
9899
9900
9901
9902
9903
9908
9913
9934
9937
9940
9942
9946
9947
9948
9961
9966
9986
9987
9990
9991
9992
2029
2672
9675
10141
14630
14640
15309
16405
16595
16596
16597
16598
16599
16600
16601
16602
16603
16604
16605
16606
16608
16610
16611
16612
16613
16614
16615
16616
16617
16618
16619
16620
16621
16622
16623
16624
16626
16627
16628
16629
16630
16631
16632
16633
16634
16635
16636
16637
16638
16639
16641
16642
16643
16644
16645
16646
16647
16648
16649
16650
16651
16652
16653
